C03FC3CD
3FC03C32
C003C0C5
003C0309
03C00C12
3C003022
C000C045
00030085
000C0109
00300209
00C00412
03000812
0C001022
30002022
C0004045
00008045
00010085
00020085
00040109
00080109
00100209
00200209
00400412
00800412
01000812
02000812
04001022
08001022
10002022
20002022
40004045
80004045
00008045
00008045
00010085
00010085
00020085
00020085
00040109
00040109
00080109
00080109
00100209
00100209
00200209
00200209
00400412
00400412
00800412
00800412
01000812
01000812
02000812
02000812
04001022
04001022
08001022
08001022
10002022
10002022
20002022
20002022
C03FC3CD
3FC03C32
C003C0C4
003C0308
03C00C10
3C003020
C000C040
00030080
000C0100
00300200
00C00400
03000800
0C001000
30002000
C0004000
00008000
00010000
00020000
00040000
00080000
00100000
00200000
00400000
00800000
01000000
02000000
04000000
08000000
10000000
20000000
40000000
80000000
00000000
00000000
00000000
00000000
00000000
00000000
00000000
00000000
00000000
00000000
00000000
00000000
00000000
00000000
00000000
00000000
00000000
00000000
00000000
00000000
00000000
00000000
00000000
00000000
00000000
00000000
00000000
00000000
00000000
00000000
00000000
00000000
00000000
00000000

