4096
1 1
1.00 1784.93
1 2
1.00 1188.10
1 3
1.00 672.04
1 4
1.00 824.32
1 5
1.00 394.43
1 6
1.00 515.31
1 7
1.00 353.39
1 8
1.00 371.75
1 9
1.00 383.08
1 10
1.00 233.64
1 11
1.00 189.39
1 12
1.00 230.46
1 13
1.00 241.76
1 14
1.00 221.47
1 15
1.00 151.53
1 16
1.00 229.29
2 1
0.75 1402.89
2 2
0.75 776.07
2 3
0.75 524.77
2 4
0.75 418.82
2 5
0.75 298.01
2 6
0.75 326.03
2 7
0.75 248.00
2 8
0.75 239.34
2 9
0.75 224.73
2 10
0.75 162.53
2 11
0.75 152.21
2 12
0.75 141.25
2 13
0.75 133.60
2 14
0.75 117.48
2 15
0.75 91.15
2 16
0.75 173.52
4 1
0.62 1026.10
4 2
0.62 482.95
4 3
0.62 329.85
4 4
0.62 329.22
4 5
0.62 210.78
4 6
0.62 281.24
4 7
0.62 233.21
4 8
0.63 156.00
4 9
0.63 152.21
4 10
0.63 96.20
4 11
0.63 111.75
4 12
0.63 103.83
4 13
0.63 117.18
4 14
0.63 103.52
4 15
0.63 72.50
4 16
0.63 131.79
8 1
0.55 903.84
8 2
0.55 347.84
8 3
0.56 293.37
8 4
0.56 269.02
8 5
0.56 150.29
8 6
0.56 218.08
8 7
0.56 155.12
8 8
0.56 135.37
8 9
0.56 119.00
8 10
0.56 93.02
8 11
0.56 89.34
8 12
0.56 83.85
8 13
0.56 101.72
8 14
0.56 87.17
8 15
0.56 52.70
8 16
0.56 113.50
16 1
0.52 571.86
16 2
0.51 317.25
16 3
0.52 272.87
16 4
0.52 238.47
16 5
0.52 135.41
16 6
0.52 173.42
16 7
0.52 149.60
16 8
0.52 129.02
16 9
0.52 113.13
16 10
0.52 89.25
16 11
0.52 76.04
16 12
0.52 76.16
16 13
0.52 78.40
16 14
0.52 78.88
16 15
0.53 49.62
16 16
0.52 108.34
2048
1 1
1.00 495.43
1 2
1.00 306.83
1 3
1.00 270.06
1 4
1.00 201.24
1 5
1.00 116.07
1 6
1.00 159.80
1 7
1.00 136.82
1 8
1.00 87.37
1 9
1.00 109.63
1 10
1.00 74.66
1 11
1.00 70.01
1 12
1.00 55.28
1 13
1.00 67.40
1 14
1.00 54.74
1 15
1.00 43.35
1 16
1.00 85.53
2 1
0.75 267.96
2 2
0.75 212.95
2 3
0.75 111.65
2 4
0.75 130.78
2 5
0.75 79.69
2 6
0.75 91.89
2 7
0.75 79.69
2 8
0.75 58.18
2 9
0.75 56.26
2 10
0.75 31.69
2 11
0.75 52.89
2 12
0.75 32.36
2 13
0.75 42.75
2 14
0.75 33.07
2 15
0.75 27.01
2 16
0.75 46.80
4 1
0.62 222.68
4 2
0.62 179.73
4 3
0.62 87.48
4 4
0.62 76.64
4 5
0.62 60.22
4 6
0.62 54.84
4 7
0.62 59.20
4 8
0.63 41.94
4 9
0.63 28.02
4 10
0.63 25.69
4 11
0.63 38.65
4 12
0.63 19.68
4 13
0.63 34.18
4 14
0.63 23.23
4 15
0.63 21.34
4 16
0.63 37.42
8 1
0.55 195.57
8 2
0.55 125.29
8 3
0.55 67.66
8 4
0.55 62.24
8 5
0.55 46.54
8 6
0.55 42.11
8 7
0.56 47.94
8 8
0.56 34.86
8 9
0.56 25.35
8 10
0.56 23.56
8 11
0.56 32.79
8 12
0.56 15.56
8 13
0.56 24.37
8 14
0.56 21.15
8 15
0.56 19.20
8 16
0.56 19.81
16 1
0.51 188.62
16 2
0.50 122.43
16 3
0.51 54.97
16 4
0.51 47.34
16 5
0.51 43.83
16 6
0.51 40.68
16 7
0.51 47.12
16 8
0.52 31.02
16 9
0.52 24.33
16 10
0.52 19.85
16 11
0.52 29.13
16 12
0.52 15.19
16 13
0.52 20.94
16 14
0.52 17.85
16 15
0.52 16.72
16 16
0.52 17.63