
                   7

             9
0 5 0 1 2 3 4 
1 1 0 
2 2 0 1 
3 1 0 
4 2 0 1 
5 1 0 
6 1 0 
7 1 0 
8 1 0 

             10
0 2 0 4 
1 1 0 
2 2 0 1 
3 1 0 
4 2 0 1 
5 1 0 
6 1 0 
7 1 0 
8 1 0 
0 3 1 2 3 

             11
0 2 0 4 
1 1 0 
2 2 0 1 
3 1 0 
4 1 0 
5 1 0 
6 1 0 
7 1 0 
8 1 0 
0 3 1 2 3 
4 1 1 

             12
0 1 4 
1 1 0 
2 2 0 1 
3 1 0 
4 1 0 
5 1 0 
6 1 0 
7 1 0 
8 1 0 
0 3 1 2 3 
4 1 1 
0 1 0 

             13
0 1 4 
1 1 0 
2 1 1 
3 1 0 
4 1 0 
5 1 0 
6 1 0 
7 1 0 
8 1 0 
0 3 1 2 3 
4 1 1 
0 1 0 
2 1 0 

             14
0 1 4 
1 1 0 
2 1 1 
3 1 0 
4 1 0 
5 1 0 
6 1 0 
7 1 0 
8 1 0 
0 1 2 
4 1 1 
0 1 0 
2 1 0 
0 2 1 3 

             15
0 1 4 
1 1 0 
2 1 1 
3 1 0 
4 1 0 
5 1 0 
6 1 0 
7 1 0 
8 1 0 
0 1 2 
4 1 1 
0 1 0 
2 1 0 
0 1 3 
0 1 1 
