C3CD
3C32
C0C5
0309
0C12
3022
C045
0085
0109
0209
0412
0812
1022
2022
4045
8045
0085
0085
0109
0109
0209
0209
0412
0412
0812
0812
1022
1022
2022
2022
4045
4045
8045
8045
0085
0085
0085
0085
0109
0109
0109
0109
0209
0209
0209
0209
0412
0412
0412
0412
0812
0812
0812
0812
1022
1022
1022
1022
2022
2022
2022
2022
C3CD
3C32
C0C4
0308
0C10
3020
C040
0080
0100
0200
0400
0800
1000
2000
4000
8000
0000
0000
0000
0000
0000
0000
0000
0000
0000
0000
0000
0000
0000
0000
0000
0000
0000
0000
0000
0000
0000
0000
0000
0000
0000
0000
0000
0000
0000
0000
0000
0000
0000
0000
0000
0000
0000
0000
0000
0000
0000
0000
0000
0000
0000
0000
0000
0000
0000
0000

